150
159
168
175
168
167
170
178
171
175
166
166
158
152
150
142
134
142
140
135
145
152
158
167
161
157
150
156
155
158
155
153
159
152
152
149
144
139
136
132
141
131
121
124
127
135
134
129
134
142
138
130
120
112
117
121
117
119
129
128
121
116
111
116
126
124
122
121
115
120
112
104
106
101
92
82
84
86
90
96
94
89
82
79
84
90
89
80
77
83
81
74
72
71
73
82
90
95
100
110
110
104
104
110
104
107
116
121
116
118
116
115
107
102
100
108
108
116
111
109
108
102
108
101
105
99
102
105
104
106
99
109
113
110
119
126
125
115
120
116
107
117
117
123
115
124
115
108
105
114
